
function y = TUM_Orange2()
    y = [244 199 167]/255;