function y = TUM_Gray1()
    y = [217 218 219]/255;