function y = TUM_Blau2()
    y = [100 160 200]/255;