function y = TUM_ivory()
    y = [218 215 203]/255;
