
function y = TUM_Orange3()
    y = [238 170 122]/255;