function y = TUM_Blau1()
    y = [152 198 234]/255;