
function y = TUM_Orange1()
    y = [249 227 211]/255;