function y = TUM_Gray2()
    y = [156 157 159]/255;